VERSION
           15           3
            1
PARAMETERS
      30.0000         30.0000         10.0000
      3.00000        0.500000
      30.0000         5.00000
           1576.38000488              250.000000000              60.0000000000           0.000000000000E+0000
           40.0000000000
            2           2           2           2
            1           1           1           1
            0
TEMP_GRAPHICS
           15
           16           8           6
            1           1           3           1           1           0           0           0
     0.000000E+00    0.000000E+00    0.000000E+00    0.000000E+00    0.000000E+00    0.000000E+00
            1           2           3           1           1           0           0           0
     0.000000E+00    0.000000E+00    0.000000E+00    0.000000E+00    0.000000E+00    0.000000E+00
            1           3           6           2           2           0           0           0
     0.000000E+00    0.000000E+00    0.000000E+00    0.000000E+00    0.000000E+00    0.000000E+00
            1           4           6           1           1           0           0           0
     0.000000E+00    0.000000E+00    0.000000E+00    0.000000E+00    0.000000E+00    0.000000E+00
            1           5           6           1           1           0           0           0
     0.000000E+00    0.000000E+00    0.000000E+00    0.000000E+00    0.000000E+00    0.000000E+00
            1           7           8           2           1           0           0           0
     0.000000E+00    0.000000E+00    0.000000E+00    0.000000E+00    0.000000E+00    0.000000E+00
            1           8          12           2           1           0           0           0
     0.000000E+00    0.000000E+00    0.000000E+00    0.000000E+00    0.000000E+00    0.000000E+00
            1           8          16           2           1           0           0           0
     0.000000E+00    0.000000E+00    0.000000E+00    0.000000E+00    0.000000E+00    0.000000E+00
            1           8          15           2           1           0           0           0
     0.000000E+00    0.000000E+00    0.000000E+00    0.000000E+00    0.000000E+00    0.000000E+00
            1          12          15           1           1           0           0           0
     0.000000E+00    0.000000E+00    0.000000E+00    0.000000E+00    0.000000E+00    0.000000E+00
            1          12          16           1           1           0           0           0
     0.000000E+00    0.000000E+00    0.000000E+00    0.000000E+00    0.000000E+00    0.000000E+00
            1           9          13           2           1           0           0           0
     0.000000E+00    0.000000E+00    0.000000E+00    0.000000E+00    0.000000E+00    0.000000E+00
            1           9          10           1           1           0           0           0
     0.000000E+00    0.000000E+00    0.000000E+00    0.000000E+00    0.000000E+00    0.000000E+00
            2           1           2           1           1           0           0           0
     0.000000E+00    0.000000E+00    0.000000E+00    0.000000E+00    0.000000E+00    0.000000E+00
            2           4           5           1           1           0           0           0
     0.000000E+00    0.000000E+00    0.000000E+00    0.000000E+00    0.000000E+00    0.000000E+00
            2          15          16           1           1           0           0           0
     0.000000E+00    0.000000E+00    0.000000E+00    0.000000E+00    0.000000E+00    0.000000E+00
TEMP_GRAPHICS
           15
           16           8           6
            1           1           3           1           1           0           0           0
     0.000000E+00    0.000000E+00    0.000000E+00    0.000000E+00    0.000000E+00    0.000000E+00
            1           2           3           1           1           0           0           0
     0.000000E+00    0.000000E+00    0.000000E+00    0.000000E+00    0.000000E+00    0.000000E+00
            1           3           6           2           2           0           0           0
     0.000000E+00    0.000000E+00    0.000000E+00    0.000000E+00    0.000000E+00    0.000000E+00
            1           4           6           1           1           0           0           0
     0.000000E+00    0.000000E+00    0.000000E+00    0.000000E+00    0.000000E+00    0.000000E+00
            1           5           6           1           1           0           0           0
     0.000000E+00    0.000000E+00    0.000000E+00    0.000000E+00    0.000000E+00    0.000000E+00
            1           7           8           2           1           0           0           0
     0.000000E+00    0.000000E+00    0.000000E+00    0.000000E+00    0.000000E+00    0.000000E+00
            1           8          12           2           1           0           0           0
     0.000000E+00    0.000000E+00    0.000000E+00    0.000000E+00    0.000000E+00    0.000000E+00
            1           8          16           2           1           0           0           0
     0.000000E+00    0.000000E+00    0.000000E+00    0.000000E+00    0.000000E+00    0.000000E+00
            1           8          15           2           1           0           0           0
     0.000000E+00    0.000000E+00    0.000000E+00    0.000000E+00    0.000000E+00    0.000000E+00
            1          12          15           1           1           0           0           0
     0.000000E+00    0.000000E+00    0.000000E+00    0.000000E+00    0.000000E+00    0.000000E+00
            1          12          16           1           1           0           0           0
     0.000000E+00    0.000000E+00    0.000000E+00    0.000000E+00    0.000000E+00    0.000000E+00
            1           9          13           2           1           0           0           0
     0.000000E+00    0.000000E+00    0.000000E+00    0.000000E+00    0.000000E+00    0.000000E+00
            1           9          10           1           1           0           0           0
     0.000000E+00    0.000000E+00    0.000000E+00    0.000000E+00    0.000000E+00    0.000000E+00
            2           1           2           1           1           0           0           0
     0.000000E+00    0.000000E+00    0.000000E+00    0.000000E+00    0.000000E+00    0.000000E+00
            2           4           5           1           1           0           0           0
     0.000000E+00    0.000000E+00    0.000000E+00    0.000000E+00    0.000000E+00    0.000000E+00
            2          15          16           1           1           0           0           0
     0.000000E+00    0.000000E+00    0.000000E+00    0.000000E+00    0.000000E+00    0.000000E+00
TEMP_SETTINGS
           15
Double Wishbone, Rocker arm damper
            6          22          12          16           3
Lower Wishbone
Upper Wishbone
Track Rod
Pull Rod
Rocker
Upright
Lower wishbone front pivot
Not Defined
Not Defined
Not Defined
Not Defined
Not Defined
     -21.5000         75.0000         163.000
            1           0           1          -1           1           0           0           0           0
            0           0           0           0           0           0           0
Lower wishbone rear pivot
Not Defined
Not Defined
Not Defined
Not Defined
Not Defined
      588.000         75.0000         165.000
            2           0           1          -1           2           0           0           0           0
            0           0           0           0           0           0           0
Lower wishbone outer ball joint
Not Defined
Not Defined
Not Defined
Not Defined
Not Defined
      156.600         805.500         189.000
            3           1           1           6           3           1           2           0           6
            9           0           9           0           0           0           0
Upper wishbone front pivot
Not Defined
Not Defined
Not Defined
Not Defined
Not Defined
      19.7000         148.390         377.000
            5           0           2          -1           4           0           0           0           0
            0           0           0           0           0           0           0
Upper wishbone rear pivot
Not Defined
Not Defined
Not Defined
Not Defined
Not Defined
      588.000         148.390         377.000
            6           0           2          -1           5           0           0           0           0
            0           0           0           0           0           0           0
Upper wishbone outer ball joint
Not Defined
Not Defined
Not Defined
Not Defined
Not Defined
      162.000         772.500         408.500
            7           1           2           6           6           4           5           0           3
            9           0           8           0           0           0           0
Push rod wishbone end
Not Defined
Not Defined
Not Defined
Not Defined
Not Defined
      150.000         700.000         425.000
            8           5           2           4           9           4           5           6           0
            0           0           0           0           0           1           0
Push rod rocker end
Not Defined
Not Defined
Not Defined
Not Defined
Not Defined
      165.000         350.000         225.000
            9           1           4           5          10           7           0           0          15
           16           0           0           0           0           0           0
Outer track rod ball joint
Not Defined
Not Defined
Not Defined
Not Defined
Not Defined
      80.0000         798.000         405.000
           11           1           3           6           8          10           0           0           3
            6           0           0           0           0           0           0
Inner track rod ball joint
Not Defined
Not Defined
Not Defined
Not Defined
Not Defined
     -21.5000         153.000         372.500
           12           0           3          -1           7           0           0           0           0
            0           0           3           0           0           0           0
Damper to body point
Not Defined
Not Defined
Not Defined
Not Defined
Not Defined
      155.000         175.000         585.000
           16           0          -1           0           0           0           0           0           0
            0           0           5           7           0           0           0
Damper to rocker point
Not Defined
Not Defined
Not Defined
Not Defined
Not Defined
      162.000         300.000         245.000
           17           2           5           0           0           8          15          16           0
            0           0           4           6           0           0           0
Wheel spindle point
DERIVED
Not Defined
Not Defined
Not Defined
Not Defined
      160.000         794.000         306.000
           18           5           6           0           0           3           9          14           0
            0           0           2           0           0           0           0
Wheel centre point
Not Defined
Not Defined
Not Defined
Not Defined
Not Defined
      160.000         894.000         310.000
           19           3           6           0           0           3           6           9           0
            0           0           1           0           0           0           0
Rocker axis 1st point
Not Defined
Not Defined
Not Defined
Not Defined
Not Defined
      205.000         92.0000         285.000
           20           0           5          -1          11           0           0           0           0
            0           0           0           0           0           0           0
Rocker axis 2nd point
Not Defined
Not Defined
Not Defined
Not Defined
Not Defined
      100.000         92.0000         288.000
           21           0           5          -1          12           0           0           0           0
            0           0           0           0           0           0           0
Part 1 C of G
Not Defined
Not Defined
Not Defined
Not Defined
Not Defined
      240.000         320.000         170.000
           22           2           1           0           0           1           2           3           0
            0           0          25           0           0           0           0
Part 2 C of G
Not Defined
Not Defined
Not Defined
Not Defined
Not Defined
      230.000         440.000         395.000
           23           2           2           0           0           4           5           6           0
            0           0          25           0           0           0           0
Part 3 C of G
Not Defined
Not Defined
Not Defined
Not Defined
Not Defined
      29.0000         475.000         390.000
           24           7           3           0           0          10           9           0           0
            0           0          25           0           0           0           0
Part 4 C of G
Not Defined
Not Defined
Not Defined
Not Defined
Not Defined
      155.000         525.000         325.000
           25           7           4           0           0           8           9           0           0
            0           0          25           0           0           0           0
Part 5 C of G
Not Defined
Not Defined
Not Defined
Not Defined
Not Defined
      155.000         180.000         265.000
           26           2           5           0           0          15          16           8           0
            0           0          25           0           0           0           0
Part 6 C of G
Not Defined
Not Defined
Not Defined
Not Defined
Not Defined
      135.000         790.000         335.000
           27           2           6           0           0           3           6           9           0
            0           0          25           0           0           0           0
            1           2           3
     0.000000E+00    0.000000E+00    0.000000E+00
      1.00000         1.00000         1.00000
TEMP_SETTINGS
           15
Double Wishbone, Rocker arm damper
            6          22          12          16           3
Lower Wishbone
Upper Wishbone
Track Rod
Pull Rod
Rocker
Upright
Lower wishbone front pivot
Not Defined
Not Defined
Not Defined
Not Defined
Not Defined
     -21.5000         75.0000         163.000
            1           0           1          -1           1           0           0           0           0
            0           0           0           0           0           0           0
Lower wishbone rear pivot
Not Defined
Not Defined
Not Defined
Not Defined
Not Defined
      588.000         75.0000         165.000
            2           0           1          -1           2           0           0           0           0
            0           0           0           0           0           0           0
Lower wishbone outer ball joint
Not Defined
Not Defined
Not Defined
Not Defined
Not Defined
      156.600         805.500         189.000
            3           1           1           6           3           1           2           0           6
            9           0           9           0           0           0           0
Upper wishbone front pivot
Not Defined
Not Defined
Not Defined
Not Defined
Not Defined
      19.7000         148.390         377.000
            5           0           2          -1           4           0           0           0           0
            0           0           0           0           0           0           0
Upper wishbone rear pivot
Not Defined
Not Defined
Not Defined
Not Defined
Not Defined
      588.000         148.390         377.000
            6           0           2          -1           5           0           0           0           0
            0           0           0           0           0           0           0
Upper wishbone outer ball joint
Not Defined
Not Defined
Not Defined
Not Defined
Not Defined
      162.000         772.500         408.500
            7           1           2           6           6           4           5           0           3
            9           0           8           0           0           0           0
Push rod wishbone end
Not Defined
Not Defined
Not Defined
Not Defined
Not Defined
      150.000         700.000         425.000
            8           5           2           4           9           4           5           6           0
            0           0           0           0           0           1           0
Push rod rocker end
Not Defined
Not Defined
Not Defined
Not Defined
Not Defined
      165.000         350.000         225.000
            9           1           4           5          10           7           0           0          15
           16           0           0           0           0           0           0
Outer track rod ball joint
Not Defined
Not Defined
Not Defined
Not Defined
Not Defined
      80.0000         798.000         405.000
           11           1           3           6           8          10           0           0           3
            6           0           0           0           0           0           0
Inner track rod ball joint
Not Defined
Not Defined
Not Defined
Not Defined
Not Defined
     -21.5000         153.000         372.500
           12           0           3          -1           7           0           0           0           0
            0           0           3           0           0           0           0
Damper to body point
Not Defined
Not Defined
Not Defined
Not Defined
Not Defined
      155.000         175.000         585.000
           16           0          -1           0           0           0           0           0           0
            0           0           5           7           0           0           0
Damper to rocker point
Not Defined
Not Defined
Not Defined
Not Defined
Not Defined
      162.000         300.000         245.000
           17           2           5           0           0           8          15          16           0
            0           0           4           6           0           0           0
Wheel spindle point
DERIVED
Not Defined
Not Defined
Not Defined
Not Defined
      160.000         794.000         306.000
           18           5           6           0           0           3           9          14           0
            0           0           2           0           0           0           0
Wheel centre point
Not Defined
Not Defined
Not Defined
Not Defined
Not Defined
      160.000         894.000         310.000
           19           3           6           0           0           3           6           9           0
            0           0           1           0           0           0           0
Rocker axis 1st point
Not Defined
Not Defined
Not Defined
Not Defined
Not Defined
      205.000         92.0000         285.000
           20           0           5          -1          11           0           0           0           0
            0           0           0           0           0           0           0
Rocker axis 2nd point
Not Defined
Not Defined
Not Defined
Not Defined
Not Defined
      100.000         92.0000         288.000
           21           0           5          -1          12           0           0           0           0
            0           0           0           0           0           0           0
Part 1 C of G
Not Defined
Not Defined
Not Defined
Not Defined
Not Defined
      240.000         320.000         170.000
           22           2           1           0           0           1           2           3           0
            0           0          25           0           0           0           0
Part 2 C of G
Not Defined
Not Defined
Not Defined
Not Defined
Not Defined
      230.000         440.000         395.000
           23           2           2           0           0           4           5           6           0
            0           0          25           0           0           0           0
Part 3 C of G
Not Defined
Not Defined
Not Defined
Not Defined
Not Defined
      29.0000         475.000         390.000
           24           7           3           0           0          10           9           0           0
            0           0          25           0           0           0           0
Part 4 C of G
Not Defined
Not Defined
Not Defined
Not Defined
Not Defined
      155.000         525.000         325.000
           25           7           4           0           0           8           9           0           0
            0           0          25           0           0           0           0
Part 5 C of G
Not Defined
Not Defined
Not Defined
Not Defined
Not Defined
      155.000         180.000         265.000
           26           2           5           0           0          15          16           8           0
            0           0          25           0           0           0           0
Part 6 C of G
Not Defined
Not Defined
Not Defined
Not Defined
Not Defined
      135.000         790.000         335.000
           27           2           6           0           0           3           6           9           0
            0           0          25           0           0           0           0
            1           2           3
     0.000000E+00    0.000000E+00    0.000000E+00
      1.00000         1.00000         1.00000
EXTENDED_TYRE
            0           0
FRONT SUSPENSION
           15
           30.0000000000              215.000000000              120.000000000
           390.000000000              215.000000000              120.000000000
           95.0899963379              610.169982910              134.929992676
           26.0000000000              287.000000000              336.000000000
           378.000000000              287.000000000              336.000000000
           116.910003662              610.159973145              384.359985352
           182.679992676              565.640014648              354.170013428
           141.910003662              230.389999390              129.029998779
           164.279998779              628.710021973              168.289993286
           262.040008545              197.669998169              133.419998169
           350.000000000              260.000000000              285.000000000
           104.050003052              267.630004883              142.800003052
           157.899993896              676.900024414              260.350006104
           157.899993896              652.900024414              260.350006104
           69.0100021362              155.740005493              236.639999390
           191.910003662              260.000000000              129.350006104
        0.000000000000E+0000       0.000000000000E+0000       0.000000000000E+0000
        0.000000000000E+0000       0.000000000000E+0000       0.000000000000E+0000
        0.000000000000E+0000       0.000000000000E+0000       0.000000000000E+0000
        0.000000000000E+0000       0.000000000000E+0000       0.000000000000E+0000
        0.000000000000E+0000       0.000000000000E+0000       0.000000000000E+0000
        0.000000000000E+0000       0.000000000000E+0000       0.000000000000E+0000
           225.000000000
REAR SUSPENSION
           15
           1470.62011719              302.720001221              133.809997559
           1710.16015625              231.130004883              128.779998779
           1768.28002930              594.909973145              173.369995117
           1471.39013672              327.549987793              307.420013428
           1709.21997070              287.600006104              298.790008545
           1734.26000977              559.349975586              351.420013428
           1708.39013672              505.839996338              312.320007324
           1601.09008789              289.799987793              155.369995117
           1658.28002930              244.149993896              150.610000610
           1658.28002930              594.520019531              195.869995117
           1337.01013184              349.679992676              297.339996338
           1537.93017578              337.100006104              218.809997559
           1734.28002930              627.390014648              260.350006104
           1734.28002930              616.390014648              260.350006104
           1544.14013672              286.579986572              148.759994507
           1551.89013672              265.890014648              171.910003662
        9.154991857940E-05         0.000000000000E+0000       0.000000000000E+0000
        9.154991857940E-05         0.000000000000E+0000       0.000000000000E+0000
        9.154991857940E-05         0.000000000000E+0000       0.000000000000E+0000
        9.154991857940E-05         0.000000000000E+0000       0.000000000000E+0000
        9.154991857940E-05         0.000000000000E+0000       0.000000000000E+0000
        9.154991857940E-05         0.000000000000E+0000       0.000000000000E+0000
           225.000000000
TOLERANCES
        1.000000000000E-10         5.000000000000E-02         5.000000000000E-02
TITLES
            0
TYRE
           150.000000000              150.000000000              150.000000000              150.000000000
ROLL SOLUTION
            1
GROUPS
            2
Points 1,2 and 3 (front)
            3
            1           1
            2           1
            3           1
Points 3 and 7 (front)
            2
            3           1
            7           1
COMPLIANCE
            0
      41.5000         300.000         246.500
      41.5000         300.000         246.500
      400.000
     2.000000E+06
     0.400000        0.400000
            0
      41.5000         300.000         246.500
      41.5000         300.000         246.500
      400.000
     2.000000E+06
     0.400000        0.400000
           1000.00000000
MODAL
            6
            1           0           1
            1           0           1
      1.00000         1000.00         1000.00         1000.00        0.000000E+00    0.000000E+00    0.000000E+00
     0.000000E+00    0.000000E+00     100.000
      100.000        0.000000E+00    0.000000E+00
      1.00000         1000.00         1000.00         1000.00        0.000000E+00    0.000000E+00    0.000000E+00
     0.000000E+00    0.000000E+00     100.000
      100.000        0.000000E+00    0.000000E+00
            1           0           1
            1           0           1
      1.00000         1000.00         1000.00         1000.00        0.000000E+00    0.000000E+00    0.000000E+00
     0.000000E+00    0.000000E+00     100.000
      100.000        0.000000E+00    0.000000E+00
      1.00000         1000.00         1000.00         1000.00        0.000000E+00    0.000000E+00    0.000000E+00
     0.000000E+00    0.000000E+00     100.000
      100.000        0.000000E+00    0.000000E+00
            1           0           1
            1           0           1
      1.00000         1000.00         1000.00         1000.00        0.000000E+00    0.000000E+00    0.000000E+00
     0.000000E+00    0.000000E+00     100.000
      100.000        0.000000E+00    0.000000E+00
      1.00000         1000.00         1000.00         1000.00        0.000000E+00    0.000000E+00    0.000000E+00
     0.000000E+00    0.000000E+00     100.000
      100.000        0.000000E+00    0.000000E+00
            1           0           1
            1           0           1
      1.00000         1000.00         1000.00         1000.00        0.000000E+00    0.000000E+00    0.000000E+00
     0.000000E+00    0.000000E+00     100.000
      100.000        0.000000E+00    0.000000E+00
      1.00000         1000.00         1000.00         1000.00        0.000000E+00    0.000000E+00    0.000000E+00
     0.000000E+00    0.000000E+00     100.000
      100.000        0.000000E+00    0.000000E+00
            1           0           1
            1           0           1
      1.00000         1000.00         1000.00         1000.00        0.000000E+00    0.000000E+00    0.000000E+00
     0.000000E+00    0.000000E+00     100.000
      100.000        0.000000E+00    0.000000E+00
      1.00000         1000.00         1000.00         1000.00        0.000000E+00    0.000000E+00    0.000000E+00
     0.000000E+00    0.000000E+00     100.000
      100.000        0.000000E+00    0.000000E+00
            1           0           1
            1           0           1
      1.00000         1000.00         1000.00         1000.00        0.000000E+00    0.000000E+00    0.000000E+00
     0.000000E+00    0.000000E+00     100.000
      100.000        0.000000E+00    0.000000E+00
      1.00000         1000.00         1000.00         1000.00        0.000000E+00    0.000000E+00    0.000000E+00
     0.000000E+00    0.000000E+00     100.000
      100.000        0.000000E+00    0.000000E+00
            6
            1           0           1
            1           0           1
      1.00000         1000.00         1000.00         1000.00        0.000000E+00    0.000000E+00    0.000000E+00
     0.000000E+00    0.000000E+00     100.000
      100.000        0.000000E+00    0.000000E+00
      1.00000         1000.00         1000.00         1000.00        0.000000E+00    0.000000E+00    0.000000E+00
     0.000000E+00    0.000000E+00     100.000
      100.000        0.000000E+00    0.000000E+00
            1           0           1
            1           0           1
      1.00000         1000.00         1000.00         1000.00        0.000000E+00    0.000000E+00    0.000000E+00
     0.000000E+00    0.000000E+00     100.000
      100.000        0.000000E+00    0.000000E+00
      1.00000         1000.00         1000.00         1000.00        0.000000E+00    0.000000E+00    0.000000E+00
     0.000000E+00    0.000000E+00     100.000
      100.000        0.000000E+00    0.000000E+00
            1           0           1
            1           0           1
      1.00000         1000.00         1000.00         1000.00        0.000000E+00    0.000000E+00    0.000000E+00
     0.000000E+00    0.000000E+00     100.000
      100.000        0.000000E+00    0.000000E+00
      1.00000         1000.00         1000.00         1000.00        0.000000E+00    0.000000E+00    0.000000E+00
     0.000000E+00    0.000000E+00     100.000
      100.000        0.000000E+00    0.000000E+00
            1           0           1
            1           0           1
      1.00000         1000.00         1000.00         1000.00        0.000000E+00    0.000000E+00    0.000000E+00
     0.000000E+00    0.000000E+00     100.000
      100.000        0.000000E+00    0.000000E+00
      1.00000         1000.00         1000.00         1000.00        0.000000E+00    0.000000E+00    0.000000E+00
     0.000000E+00    0.000000E+00     100.000
      100.000        0.000000E+00    0.000000E+00
            1           0           1
            1           0           1
      1.00000         1000.00         1000.00         1000.00        0.000000E+00    0.000000E+00    0.000000E+00
     0.000000E+00    0.000000E+00     100.000
      100.000        0.000000E+00    0.000000E+00
      1.00000         1000.00         1000.00         1000.00        0.000000E+00    0.000000E+00    0.000000E+00
     0.000000E+00    0.000000E+00     100.000
      100.000        0.000000E+00    0.000000E+00
            1           0           1
            1           0           1
      1.00000         1000.00         1000.00         1000.00        0.000000E+00    0.000000E+00    0.000000E+00
     0.000000E+00    0.000000E+00     100.000
      100.000        0.000000E+00    0.000000E+00
      1.00000         1000.00         1000.00         1000.00        0.000000E+00    0.000000E+00    0.000000E+00
     0.000000E+00    0.000000E+00     100.000
      100.000        0.000000E+00    0.000000E+00
FSETS
User Definable Default Set
            2
            2
      1.00000
      1.00000
     0.000000E+00
     0.000000E+00
     0.000000E+00
     0.000000E+00
            3
      1.00000
      1.00000
     0.000000E+00
     0.000000E+00
     0.000000E+00
     0.000000E+00
RAVEN_DEFAULTS
           14           7
     0.000000E+00
     0.000000E+00
     0.000000E+00
      1250.00
      500.000
      2500.00
      3000.00
      2.00000
      2.00000
      16.0000
      1800.00
      1500.00
      1.00000
      1.00000
      50.0000         50.0000         50.0000         50.0000
      10.0000         10.0000         10.0000         10.0000
     0.400000        0.400000        0.400000        0.400000
      1.00000         1.00000         1.00000         1.00000
      18.1000         18.1000         18.1000         18.1000
     6.900000E-02    6.900000E-02    6.900000E-02    6.900000E-02
      3.00000         3.00000         3.00000         3.00000
FORCED_DAMP
            1
           3.00000000000
